Vector test.ply
[[ 7.3388863 31.760033   6.496033 ],[-38.609016    29.854645     0.46000385]] Length: 239.03047
[[ 7.3388863 31.760033   6.496033 ],[ 11.302363  23.321018 -21.011106]] Length: 93.72988
[[ 7.3388863 31.760033   6.496033 ],[ 7.331291 38.39727   4.458677]] Length: 5.355976
Vector test2.ply
[[-1.0956655 -0.9100049 -1.1084695],[-47.746803   -3.6109326  -1.5056429]] Length: 242.64233
[[-1.0956655 -0.9100049 -1.1084695],[ -0.93626976   0.5918229  -30.043747  ]] Length: 93.281235
[[-1.0956655 -0.9100049 -1.1084695],[-1.5010365   6.0389633  -0.75003016]] Length: 5.397885
Vector test3.ply
[[ 0.35508278 -0.4813893   0.7167596 ],[-46.009422     0.54840076   1.4571071 ]] Length: 239.03064
[[ 0.35508278 -0.4813893   0.7167596 ],[ -0.32657626 -29.414574    -1.7275987 ]] Length: 93.72986
[[ 0.35508278 -0.4813893   0.7167596 ],[ 0.2576572   0.10530576 -6.200617  ]] Length: 5.3559785
Vector test4.ply
[[ 1.3319123 -4.6134067  0.3976631],[47.628487  -3.6813836 -2.2544947]] Length: 239.03056
[[ 1.3319123 -4.6134067  0.3976631],[ 0.7447327  24.424875    0.35240158]] Length: 93.72984
[[ 1.3319123 -4.6134067  0.3976631],[ 0.9352099 -4.632233  -6.5338645]] Length: 5.355978
Vector test5.ply
[[34.355415  6.814639 19.164473],[-11.942596    4.3067255  20.380959 ]] Length: 239.03056
[[34.355415  6.814639 19.164473],[33.482113  8.890707 -9.79233 ]] Length: 93.7299
[[34.355415  6.814639 19.164473],[33.994152 13.729592 19.671137]] Length: 5.355976
Vector test6.ply
[[57.4405   81.80048  56.553093],[12.110897 78.63284  47.239395]] Length: 239.06131
[[57.4405   81.80048  56.553093],[51.503025 90.69734  82.4248  ]] Length: 87.08368
[[57.4405   81.80048  56.553093],[57.445183 88.12043  54.38084 ]] Length: 4.9622674
Vector test7.ply
[[-16.813736  24.956495  14.284481],[-31.308933  20.271221 -29.527504]] Length: 239.06136
[[-16.813736  24.956495  14.284481],[-42.524982  18.745064  23.455305]] Length: 87.08377
[[-16.813736  24.956495  14.284481],[-18.435352  31.437721  14.127889]] Length: 4.9622726
Vector test8.ply
[[ 7.440494  32.085358   5.6737704],[-37.889107  22.817488   8.973082]] Length: 239.06131
[[ 7.440494  32.085358   5.6737704],[ 1.5030198 57.82839   -3.588842 ]] Length: 87.0837
[[ 7.440494  32.085358   5.6737704],[ 7.4451795 29.823761  -0.6147561]] Length: 4.9622684
