Vector test.ply
[[ 7.3154764 31.77073    6.569546 ],[-38.69744    29.096      -1.4739833]] Length: 243.22684726847268
[[ 7.3154764 31.77073    6.569546 ],[ 12.415064  23.004925 -19.68768 ]] Length: 88.0318828188282
[[ 7.3154764 31.77073    6.569546 ],[ 7.3168573 37.997826   4.490939 ]] Length: 4.788592573425734
Vector test2.ply
[[-0.78063315 -0.9785034  -1.1081525 ],[-47.692627   -3.2501092  -2.7572308]] Length: 245.40162299188503
[[-0.78063315 -0.9785034  -1.1081525 ],[  0.16523874  -0.10318089 -29.221512  ]] Length: 88.00240748796256
[[-0.78063315 -0.9785034  -1.1081525 ],[-1.1041656   5.5629644  -0.91536593]] Length: 4.770292554787226
Vector test3.ply
[[ 0.3438442  -0.40641806  0.73463756],[-46.425373   -1.4888868   1.4483817]] Length: 243.22675726757268
[[ 0.3438442  -0.40641806  0.73463756],[  0.96788764 -28.495207    -0.97355396]] Length: 88.0318828188282
[[ 0.3438442  -0.40641806  0.73463756],[ 0.2346884  -0.01039025 -5.8173523 ]] Length: 4.788591635916359
Vector test4.ply
[[ 1.3472538  -4.68902     0.40832806],[47.966003  -1.6339293 -2.1214864]] Length: 243.22681726817268
[[ 1.3472538  -4.68902     0.40832806],[-0.4545461 23.391895   1.1167178]] Length: 88.03180781807818
[[ 1.3472538  -4.68902     0.40832806],[ 0.9823401 -4.5471206 -6.144841 ]] Length: 4.788592573425734
Vector test5.ply
[[34.34513   6.797226 19.239689],[-12.36549     4.2755194  18.345316 ]] Length: 243.22678726787268
[[34.34513   6.797226 19.239689],[34.807724  8.197785 -8.869223]] Length: 88.03183031830318
[[34.34513   6.797226 19.239689],[33.985546 13.344397 19.559992]] Length: 4.788592573425734
Vector test6.ply
[[57.178864 81.78108  56.569836],[11.03793  79.10142  48.499504]] Length: 244.58850798889804
[[57.178864 81.78108  56.569836],[52.07864 90.56645 82.81253]] Length: 87.98599504913359
[[57.178864 81.78108  56.569836],[57.18174  87.99718  54.489407]] Length: 4.774224551796564
Vector test7.ply
[[-16.946697  24.893257  14.066692],[-32.970734  19.884003 -29.744652]] Length: 244.58847798364715
[[-16.946697  24.893257  14.066692],[-42.44589   18.523777  24.121311]] Length: 87.98602505438451
[[-16.946697  24.893257  14.066692],[-18.582224  31.239664  13.93926 ]] Length: 4.774227364788838
Vector test8.ply
[[ 7.1788588 32.10237    5.6929226],[-38.96207  24.07082   8.48669]] Length: 244.58847798364715
[[ 7.1788588 32.10237    5.6929226],[ 2.0786324 58.217926  -3.4634628]] Length: 87.98597254519541
[[ 7.1788588 32.10237    5.6929226],[ 7.1817346 29.934061  -0.4930644]] Length: 4.774223614132473
