Vector test.ply
[[ 7.285182  31.773422   6.5700116],[-38.778034   29.119812   -1.4660144]] Length: 243.71550456899087
[[ 7.285182  31.773422   6.5700116],[ 12.371698  22.990273 -19.686039]] Length: 88.04406391187217
[[ 7.285182  31.773422   6.5700116],[ 7.2897005 37.993214   4.490248 ]] Length: 4.779026066947866
Vector test2.ply
[[-0.7764661 -0.9725165 -1.1063137],[-47.530277   -3.2152581  -2.6982915]] Length: 243.72036707596217
[[-0.7764661 -0.9725165 -1.1063137],[  0.13859314  -0.08620018 -29.228743  ]] Length: 88.05485139663463
[[-0.7764661 -0.9725165 -1.1063137],[-1.097305    5.576818   -0.91034245]] Length: 4.781680401515583
Vector test3.ply
[[ 0.31410563 -0.40021238  0.73311013],[-46.502857   -1.4600619   1.4313346]] Length: 243.71545656908685
[[ 0.31410563 -0.40021238  0.73311013],[  0.9248338  -28.492262    -0.95818967]] Length: 88.04406991186018
[[ 0.31410563 -0.40021238  0.73311013],[ 0.20761427 -0.0084385  -5.812607  ]] Length: 4.779027191945616
Vector test4.ply
[[ 1.3770065  -4.6937804   0.40417072],[48.043034  -1.6578772 -2.146371 ]] Length: 243.71552856894286
[[ 1.3770065  -4.6937804   0.40417072],[-0.41038787 23.389618    1.1286719 ]] Length: 88.04408191183617
[[ 1.3770065  -4.6937804   0.40417072],[ 1.0097461 -4.5482693 -6.142217 ]] Length: 4.779026441947116
Vector test5.ply
[[34.315376   6.7976823 19.245989 ],[-12.443489    4.2899156  18.374239 ]] Length: 243.71557656884687
[[34.315376   6.7976823 19.245989 ],[34.7653    8.180818 -8.865948]] Length: 88.04405191189618
[[34.315376   6.7976823 19.245989 ],[33.95868  13.338635 19.562101]] Length: 4.779027191945616
Vector test6.ply
[[57.284485 81.77323  56.569958],[11.217636 79.11944  48.53341 ]] Length: 243.75360472879208
[[57.284485 81.77323  56.569958],[52.198425 90.559105 82.82289 ]] Length: 88.03064713339484
[[57.284485 81.77323  56.569958],[57.28915  87.98949  54.490517]] Length: 4.773989393223365
Vector test7.ply
[[-16.890043  24.901957  14.155775],[-32.91387   19.908733 -29.571653]] Length: 243.7536767408541
[[-16.890043  24.901957  14.155775],[-42.389626  18.529867  24.22767 ]] Length: 88.03061112736383
[[-16.890043  24.901957  14.155775],[-18.52545   31.248264  14.030384]] Length: 4.773990518411834
Vector test8.ply
[[ 7.2844944 32.102615   5.7007666],[-38.782356  24.104488   8.468185]] Length: 243.75360472879208
[[ 7.2844944 32.102615   5.7007666],[ 2.1984363 58.2284    -3.4562693]] Length: 88.0306351313845
[[ 7.2844944 32.102615   5.7007666],[ 7.289159 29.935287 -0.485394]] Length: 4.773990518411834
